
Type 1, nbuf 15, bufsize 100
2554864
2554921
2555033
2554871
2555014
2554979
2554676
2555040
2554916
2555093

Type 2, nbuf 15, bufsize 100
2554819
2554849
2554797
2554864
2554911
2554810
2554794
2554835
2554985
2554960

Type 3, nbuf 15, bufsize 100
2554912
2554889
2554875
2554833
2554838
2554928
2554927
2554899
2554893
2554827

Type 1, nbuf 30, bufsize 50
2555037
2554978
2555004
2555128
2555040
2554740
2554864
2555068
2554916
2554982

Type 2, nbuf 30, bufsize 50
2554807
2554945
2554718
2554755
2554748
2554983
2554793
2554890
2554985
2554950

Type 3, nbuf 30, bufsize 50
2554936
2554800
2554960
2554740
2554836
2554943
2554854
2555005
2554994
2554896

Type 1, nbuf 60, bufsize 25
2555197
2554704
2554729
2554984
2554805
2554882
2554830
2554885
2555108
2554729

Type 2, nbuf 60, bufsize 25
2554956
2554816
2554921
2554734
2554735
2554791
2554726
2554948
2554896
2554803

Type 3, nbuf 60, bufsize 25
2554945
2554984
2554911
2554777
2554963
2554851
2555040
2554841
2554915
2554794
