
Type 1, nbuf 15, bufsize 100
525988
559205
560775
590008
537324
534410
536458
534900
533725
556629

Type 2, nbuf 15, bufsize 100
255136
255189
255152
255186
255175
255171
255183
255177
255160
255138

Type 3, nbuf 15, bufsize 100
255135
255150
255129
255135
255122
255141
255131
255133
255135
255135

Type 1, nbuf 30, bufsize 50
927092
907323
985467
907800
910835
1012188
910999
904980
889061
898880

Type 2, nbuf 30, bufsize 50
279382
274614
274520
274027
274958
277769
282441
268171
278564
276309

Type 3, nbuf 30, bufsize 50
255123
255131
255124
255142
255135
255125
255130
255142
255140
255137

Type 1, nbuf 60, bufsize 25
1765863
1599105
1628261
1689690
1630664
1619173
1642909
1738065
1834066
1729222

Type 2, nbuf 60, bufsize 25
431963
370502
419897
387382
377839
385034
435498
395669
393137
396641

Type 3, nbuf 60, bufsize 25
255140
255231
255132
255132
255140
255114
255143
255138
255120
255129
